% number of repeats:% 3
% enter first, last, inc:% 48 480 48 
data = [
%  n          reference      |         current implementation 
%        time       GFLOPS   |    time       GFLOPS     diff 
   480 4.3253e-03 5.1137e+01    1.6655e-01 1.3280e+00 3.5527e-13
   432 3.0125e-03 5.3525e+01    1.1472e-01 1.4056e+00 3.1264e-13
   384 2.5756e-03 4.3969e+01    2.0165e-01 5.6159e-01 1.9895e-13
   336 1.4361e-03 5.2828e+01    5.3096e-02 1.4289e+00 1.7053e-13
   288 9.0840e-04 5.2593e+01    3.5407e-02 1.3493e+00 1.1369e-13
   240 5.1860e-04 5.3313e+01    1.6185e-02 1.7082e+00 4.2633e-14
   192 2.9340e-04 4.8247e+01    1.1146e-02 1.2700e+00 2.8422e-14
   144 1.2420e-04 4.8083e+01    2.3751e-03 2.5144e+00 2.8422e-14
    96 4.4200e-05 4.0033e+01    7.6450e-04 2.3145e+00 1.4211e-14
    48 1.0700e-05 2.0671e+01    5.7500e-05 3.8467e+00 7.1054e-15
];

% Maximum difference between reference and your implementation: 3.552714e-13.
