% number of repeats:% 3
% enter first, last, inc:% 48 480 48 
data = [
%  n          reference      |         current implementation 
%        time       GFLOPS   |    time       GFLOPS     diff 
   480 4.4316e-03 4.9911e+01    2.5298e-02 8.7432e+00 3.5527e-13
   432 3.1060e-03 5.1913e+01    1.8432e-02 8.7480e+00 3.1264e-13
   384 2.1197e-03 5.3426e+01    1.3252e-02 8.5455e+00 1.9895e-13
   336 1.4524e-03 5.2235e+01    8.8580e-03 8.5647e+00 1.7053e-13
   288 9.1010e-04 5.2495e+01    5.4295e-03 8.7993e+00 1.1369e-13
   240 5.1920e-04 5.3251e+01    3.2361e-03 8.5436e+00 4.2633e-14
   192 2.7570e-04 5.1345e+01    1.6349e-03 8.6585e+00 2.8422e-14
   144 1.2430e-04 4.8045e+01    6.2380e-04 9.5735e+00 2.8422e-14
    96 4.4800e-05 3.9497e+01    2.0440e-04 8.6569e+00 1.4211e-14
    48 1.0700e-05 2.0671e+01    3.5400e-05 6.2481e+00 7.1054e-15
];

% Maximum difference between reference and your implementation: 3.552714e-13.
