% number of repeats:% 3
% enter first, last, inc:% 48 480 48 
data = [
%  n          reference      |         current implementation 
%        time       GFLOPS   |    time       GFLOPS     diff 
   480 4.2836e-03 5.1635e+01    2.3493e-02 9.4150e+00 3.5527e-13
   432 3.1159e-03 5.1748e+01    1.7086e-02 9.4373e+00 3.1264e-13
   384 2.7525e-03 4.1143e+01    1.2483e-02 9.0717e+00 1.9895e-13
   336 1.4658e-03 5.1757e+01    8.3597e-03 9.0752e+00 1.7053e-13
   288 9.3900e-04 5.0879e+01    5.1019e-03 9.3643e+00 1.1369e-13
   240 5.3080e-04 5.2087e+01    3.0655e-03 9.0191e+00 4.2633e-14
   192 2.8260e-04 5.0091e+01    1.5442e-03 9.1671e+00 2.8422e-14
   144 1.2760e-04 4.6802e+01    6.3810e-04 9.3590e+00 2.8422e-14
    96 4.5400e-05 3.8975e+01    2.0870e-04 8.4785e+00 1.4211e-14
    48 1.1000e-05 2.0108e+01    3.2600e-05 6.7848e+00 7.1054e-15
];

% Maximum difference between reference and your implementation: 3.552714e-13.
