% number of repeats:% 3
% enter first, last, inc:% 48 480 48 
data = [
%  n          reference      |         current implementation 
%        time       GFLOPS   |    time       GFLOPS     diff 
   480 4.2885e-03 5.1576e+01    1.1543e-01 1.9162e+00 3.5527e-13
   432 3.0707e-03 5.2510e+01    8.7215e-02 1.8488e+00 3.1264e-13
   384 2.1902e-03 5.1706e+01    7.9253e-02 1.4289e+00 1.9895e-13
   336 1.4977e-03 5.0655e+01    4.0410e-02 1.8774e+00 1.7053e-13
   288 1.1818e-03 4.0426e+01    2.7321e-02 1.7487e+00 1.1369e-13
   240 5.7760e-04 4.7867e+01    1.4818e-02 1.8659e+00 4.2633e-14
   192 3.1670e-04 4.4698e+01    7.5751e-03 1.8687e+00 2.8422e-14
   144 1.9310e-04 3.0927e+01    2.7665e-03 2.1587e+00 2.8422e-14
    96 5.2700e-05 3.3576e+01    8.0910e-04 2.1870e+00 1.4211e-14
    48 1.1000e-05 2.0108e+01    7.9900e-05 2.7683e+00 7.1054e-15
];

% Maximum difference between reference and your implementation: 3.552714e-13.
