% number of repeats:% 3
% enter first, last, inc:% 48 480 48 
data = [
%  n          reference      |         current implementation 
%        time       GFLOPS   |    time       GFLOPS     diff 
   480 4.3265e-03 5.1123e+01    1.1796e-01 1.8751e+00 3.5527e-13
   432 3.9447e-03 4.0876e+01    8.4300e-02 1.9127e+00 3.1264e-13
   384 2.1854e-03 5.1819e+01    7.4119e-02 1.5279e+00 1.9895e-13
   336 1.4340e-03 5.2905e+01    3.8643e-02 1.9632e+00 1.7053e-13
   288 9.2520e-04 5.1638e+01    2.4151e-02 1.9782e+00 1.1369e-13
   240 5.2470e-04 5.2693e+01    1.3856e-02 1.9953e+00 4.2633e-14
   192 2.7890e-04 5.0756e+01    6.9752e-03 2.0294e+00 2.8422e-14
   144 1.2590e-04 4.7434e+01    2.7162e-03 2.1986e+00 2.8422e-14
    96 4.4700e-05 3.9586e+01    7.8910e-04 2.2424e+00 1.4211e-14
    48 1.0800e-05 2.0480e+01    7.7800e-05 2.8430e+00 7.1054e-15
];

% Maximum difference between reference and your implementation: 3.552714e-13.
