% number of repeats:% 3
% enter first, last, inc:% 48 480 48 
data = [
%  n          reference      |         current implementation 
%        time       GFLOPS   |    time       GFLOPS     diff 
   480 4.2712e-03 5.1785e+01    5.9929e-02 3.6908e+00 3.5527e-13
   432 2.9912e-03 5.3906e+01    4.3573e-02 3.7005e+00 3.1264e-13
   384 2.4315e-03 4.6575e+01    3.4042e-02 3.3267e+00 1.9895e-13
   336 1.4566e-03 5.2084e+01    2.1037e-02 3.6064e+00 1.7053e-13
   288 9.1570e-04 5.2174e+01    1.2997e-02 3.6759e+00 1.1369e-13
   240 5.2410e-04 5.2753e+01    7.6180e-03 3.6293e+00 4.2633e-14
   192 2.7860e-04 5.0810e+01    3.9712e-03 3.5646e+00 2.8422e-14
   144 1.2600e-04 4.7397e+01    1.6455e-03 3.6293e+00 2.8422e-14
    96 4.5100e-05 3.9234e+01    5.0740e-04 3.4873e+00 1.4211e-14
    48 1.1100e-05 1.9926e+01    5.9000e-05 3.7489e+00 7.1054e-15
];

% Maximum difference between reference and your implementation: 3.552714e-13.
