% number of repeats:% 3
% enter first, last, inc:% 48 480 48 
data = [
%  n          reference      |         current implementation 
%        time       GFLOPS   |    time       GFLOPS     diff 
   480 4.8536e-03 4.5571e+01    1.1901e-01 1.8585e+00 3.5527e-13
   432 3.1796e-03 5.0712e+01    9.5484e-02 1.6887e+00 3.1264e-13
   384 2.3952e-03 4.7280e+01    8.0847e-02 1.4007e+00 1.9895e-13
   336 1.5055e-03 5.0393e+01    4.1756e-02 1.8169e+00 1.7053e-13
   288 1.1155e-03 4.2829e+01    2.5931e-02 1.8424e+00 1.1369e-13
   240 6.3240e-04 4.3719e+01    1.4714e-02 1.8790e+00 4.2633e-14
   192 2.8310e-04 5.0003e+01    7.6342e-03 1.8543e+00 2.8422e-14
   144 1.2770e-04 4.6766e+01    2.8704e-03 2.0805e+00 2.8422e-14
    96 4.6000e-05 3.8467e+01    8.3650e-04 2.1153e+00 1.4211e-14
    48 1.1100e-05 1.9926e+01    8.5900e-05 2.5749e+00 7.1054e-15
];

% Maximum difference between reference and your implementation: 3.552714e-13.
