% number of repeats:% 3
% enter first, last, inc:% 48 480 48 
data = [
%  n          reference      |         current implementation 
%        time       GFLOPS   |    time       GFLOPS     diff 
   480 4.5071e-03 4.9075e+01    1.6648e-01 1.3286e+00 3.5527e-13
   432 3.1685e-03 5.0889e+01    1.1028e-01 1.4621e+00 3.1264e-13
   384 2.1183e-03 5.3461e+01    2.0793e-01 5.4462e-01 1.9895e-13
   336 1.4369e-03 5.2798e+01    5.3871e-02 1.4083e+00 1.7053e-13
   288 9.3670e-04 5.1004e+01    3.5348e-02 1.3516e+00 1.1369e-13
   240 5.9260e-04 4.6655e+01    1.5872e-02 1.7420e+00 4.2633e-14
   192 2.8370e-04 4.9897e+01    1.4460e-02 9.7899e-01 2.8422e-14
   144 1.2750e-04 4.6839e+01    2.3884e-03 2.5004e+00 2.8422e-14
    96 4.5700e-05 3.8719e+01    7.3930e-04 2.3934e+00 1.4211e-14
    48 1.1000e-05 2.0108e+01    5.9300e-05 3.7299e+00 7.1054e-15
];

% Maximum difference between reference and your implementation: 3.552714e-13.
