% number of repeats:% 3
% enter first, last, inc:% 48 480 48 
data = [
%  n          reference      |         current implementation 
%        time       GFLOPS   |    time       GFLOPS     diff 
   480 4.4662e-03 4.9524e+01    5.8260e-02 3.7965e+00 3.5527e-13
   432 4.4958e-03 3.5865e+01    4.9350e-02 3.2673e+00 3.1264e-13
   384 2.2363e-03 5.0640e+01    3.1413e-02 3.6050e+00 1.9895e-13
   336 1.4294e-03 5.3075e+01    1.9954e-02 3.8020e+00 1.7053e-13
   288 9.1300e-04 5.2328e+01    1.2719e-02 3.7562e+00 1.1369e-13
   240 5.1970e-04 5.3200e+01    7.5781e-03 3.6484e+00 4.2633e-14
   192 2.7610e-04 5.1270e+01    3.8289e-03 3.6971e+00 2.8422e-14
   144 1.3530e-04 4.4139e+01    1.6289e-03 3.6663e+00 2.8422e-14
    96 4.4500e-05 3.9763e+01    5.7870e-04 3.0577e+00 1.4211e-14
    48 1.2300e-05 1.7982e+01    5.8700e-05 3.7680e+00 7.1054e-15
];

% Maximum difference between reference and your implementation: 3.552714e-13.
