% number of repeats:% 3
% enter first, last, inc:% 48 480 48 
data = [
%  n          reference      |         current implementation 
%        time       GFLOPS   |    time       GFLOPS     diff 
   480 4.2153e-03 5.2472e+01    2.5315e-02 8.7372e+00 3.5527e-13
   432 3.0836e-03 5.2291e+01    1.8754e-02 8.5977e+00 3.1264e-13
   384 2.1080e-03 5.3722e+01    1.3277e-02 8.5293e+00 1.9895e-13
   336 1.4033e-03 5.4063e+01    8.7064e-03 8.7138e+00 1.7053e-13
   288 9.0670e-04 5.2692e+01    5.3497e-03 8.9305e+00 1.1369e-13
   240 5.1620e-04 5.3561e+01    3.2203e-03 8.5855e+00 4.2633e-14
   192 2.7500e-04 5.1476e+01    1.6132e-03 8.7750e+00 2.8422e-14
   144 1.2420e-04 4.8083e+01    6.2560e-04 9.5460e+00 2.8422e-14
    96 4.4300e-05 3.9943e+01    2.0440e-04 8.6569e+00 1.4211e-14
    48 1.0800e-05 2.0480e+01    3.3400e-05 6.6223e+00 7.1054e-15
];

% Maximum difference between reference and your implementation: 3.552714e-13.
