% number of repeats:% 3
% enter first, last, inc:% 48 480 48 
data = [
%  n          reference      |         current implementation 
%        time       GFLOPS   |    time       GFLOPS     diff 
   480 4.3396e-03 5.0969e+01    1.7261e-01 1.2814e+00 3.5527e-13
   432 3.1286e-03 5.1538e+01    1.1459e-01 1.4072e+00 3.1264e-13
   384 2.2995e-03 4.9248e+01    2.1435e-01 5.2831e-01 1.9895e-13
   336 1.4409e-03 5.2652e+01    5.3012e-02 1.4311e+00 1.7053e-13
   288 9.0650e-04 5.2704e+01    3.5115e-02 1.3606e+00 1.1369e-13
   240 5.1680e-04 5.3498e+01    1.6170e-02 1.7098e+00 4.2633e-14
   192 2.7500e-04 5.1476e+01    1.0952e-02 1.2925e+00 2.8422e-14
   144 1.2420e-04 4.8083e+01    2.3749e-03 2.5146e+00 2.8422e-14
    96 4.4300e-05 3.9943e+01    7.6390e-04 2.3164e+00 1.4211e-14
    48 1.0800e-05 2.0480e+01    5.7500e-05 3.8467e+00 7.1054e-15
];

% Maximum difference between reference and your implementation: 3.552714e-13.
