% number of repeats:% 3
% enter first, last, inc:% 48 480 48 
data = [
%  n          reference      |         current implementation 
%        time       GFLOPS   |    time       GFLOPS     diff 
   480 4.4820e-03 4.9349e+01    1.6817e-01 1.3152e+00 3.5527e-13
   432 3.3919e-03 4.7538e+01    1.1385e-01 1.4163e+00 3.1264e-13
   384 2.1153e-03 5.3537e+01    2.1317e-01 5.3126e-01 1.9895e-13
   336 1.4922e-03 5.0842e+01    5.5053e-02 1.3781e+00 1.7053e-13
   288 9.4360e-04 5.0631e+01    3.6417e-02 1.3119e+00 1.1369e-13
   240 5.3760e-04 5.1429e+01    1.6489e-02 1.6768e+00 4.2633e-14
   192 2.8600e-04 4.9496e+01    1.1845e-02 1.1950e+00 2.8422e-14
   144 1.2900e-04 4.6294e+01    2.3633e-03 2.5270e+00 2.8422e-14
    96 4.6000e-05 3.8467e+01    7.7080e-04 2.2956e+00 1.4211e-14
    48 1.1000e-05 2.0108e+01    6.1100e-05 3.6200e+00 7.1054e-15
];

% Maximum difference between reference and your implementation: 3.552714e-13.
